column_map <- c(
 original_num='orig.numb',
 unique_id='Unique.ID',
 cohort='Cohort',
 cohort_pop='Cohort.pop',
 pop_num='Pop.number',
 family_id='FS.Family.ID',
 tag='Tag.Number',
 drainage='Drainage',
 river='River',
 river_num='River.numb',
 sample_name='Sample.Number',
 area='Area',
 section='Section',
 fish_number='Fish.Number',
 species='Species',
 vial_number='Vial.Number',
 sex='Sex',
 observed_length='Length',
 c113.1='C113.1',
 c113.2='C113.2',
 c88.1='C88.1',
 c88.2='C88.2',
 d100.1='D100.1',
 d100.2='D100.2',
 d75.1='D75.1',
 d75.2='D75.2',
 c24.1='C24.1',
 c24.2='C24.2',
 c115.1='C115.1',
 c115.2='C115.2',
 c129.1='C129.1',
 c129.2='C129.2',
 d237.1='D237.1',
 d237.2='D237.2',
 b52.1='B52.1',
 b52.2='B52.2',
 c86.1='C86.1',
 c86.2='C86.2',
 d91a='D91a.1',
 d91a='D91a.2',
 c38.1='C38.1',
 c38.2='C38.2')


unknowns <- list(-9999, "-9999", "-9999\r\n-9999", "", -999, -99, -99999,"-9999.00","999.00",
                 "9999",9999, "np",-999.9,"-999.9",".9999","-999")
